1e-05 3.94498502154976e-27
1.0115911122238297e-05 3.6814817891469605e-27
1.0233165783302449e-05 3.435580142733662e-27
1.0351779556301762e-05 3.2061047749617874e-27
1.0471768194855202e-05 2.991958172464068e-27
1.05931476351837e-05 2.7921162842201718e-27
1.0715933998226711e-05 2.6056235649256834e-27
1.084014359178331e-05 2.4315882544485274e-27
1.09657929126781e-05 2.2691781630142475e-27
1.1092898648952227e-05 2.117616705040164e-27
1.1221477682079803e-05 1.976179172603591e-27
1.1351547089209991e-05 1.844189270238079e-27
1.148312414543511e-05 1.721015882760297e-27
1.1616226326085018e-05 1.606070056195577e-27
1.1750871309048075e-05 1.4988021810291893e-27
1.1887076977119033e-05 1.3986993639124811e-27
1.2024861420374123e-05 1.3052829747359047e-27
1.216424293857368e-05 1.21810635770682e-27
1.2305240043592616e-05 1.1367526951959718e-27
1.2447871461879062e-05 1.0608330144345748e-27
1.259215613694151e-05 9.899843273147536e-28
1.2738113231864785e-05 9.238678944261291e-28
1.288576213185518e-05 8.621676051851161e-28
1.3035122446815089e-05 8.045884660366368e-28
1.3186214013947486e-05 7.508551897715112e-28
1.3339056900390587e-05 7.007108790385305e-28
1.3493671405883065e-05 6.539157977763893e-28
1.3650078065460137e-05 6.10246224814355e-28
1.3808297652180924e-05 5.6949338394462085e-28
1.3968351179887397e-05 5.3146244556624415e-28
1.4130259905995336e-05 4.959715949859584e-28
1.4294045334317611e-05 4.628511629394358e-28
1.4459729217920196e-05 4.319428142715624e-28
1.4627333562011299e-05 4.0309879072641887e-28
1.4796880626863964e-05 3.7618120439814258e-28
1.4968392930772556e-05 3.5106137835113292e-28
1.514189325304352e-05 3.276192312732749e-28
1.53174046370208e-05 3.0574270329480282e-28
1.5494950393146317e-05 2.853272200932372e-28
1.567455410205595e-05 2.6627519285873983e-28
1.5856239617711373e-05 2.4849555163804385e-28
1.60400310705682e-05 2.3190330984052387e-28
1.622595287078087e-05 2.1641915788215446e-28
1.6414029711444665e-05 2.019690839186922e-28
1.6604286571875295e-05 1.884840199634523e-28
1.6796748720926532e-05 1.7589951162455944e-28
1.699144172034626e-05 1.6415540989561123e-28
1.7188391428171457e-05 1.5319558357113322e-28
1.7387624002162504e-05 1.4296765082851489e-28
1.7589165903277326e-05 1.3342272877949853e-28
1.7793043899185774e-05 1.245151997350676e-28
1.7999285067824765e-05 1.1620249307765638e-28
1.8207916800994626e-05 1.084448817324893e-28
1.841896680799711e-05 1.012052921994862e-28
1.86324631193156e-05 9.444912730605905e-29
1.8848434090337955e-05 8.814410078634039e-29
1.906690840512252e-05 8.226008290575884e-29
1.928791508020778e-05 7.676895641982574e-29
1.9511483468466165e-05 7.164448212686433e-29
1.9737643263002554e-05 6.686217342640983e-29
1.9966424501097934e-05 6.239917924580077e-29
2.0197857568198782e-05 5.82341747836771e-29
2.0431973201952705e-05 5.434725956884965e-29
2.066880249629082e-05 5.071986230655437e-29
2.09083769055575e-05 4.7334652100456516e-29
2.1150728248687946e-05 4.4175455595752906e-29
2.1395888713434215e-05 4.12271796543814e-29
2.1643890860640203e-05 3.8475739208761883e-29
2.189476762856621e-05 3.5907989917218456e-29
2.2148552337263592e-05 3.351166533345693e-29
2.2405278693000182e-05 3.127531826549865e-29
2.266498079273693e-05 2.918826604981787e-29
2.2927693128656486e-05 2.724053949143275e-29
2.3193450592744275e-05 2.5422835200762623e-29
2.3462288481422625e-05 2.3726471126619462e-29
2.3734242500238664e-05 2.2143345053364457e-29
2.4009348768606518e-05 2.0665895868953243e-29
2.4287643824604506e-05 1.9287067428250947e-29
2.4569164629827902e-05 1.8000274819147916e-29
2.4853948574297985e-05 1.6799372891799157e-29
2.5142033481427965e-05 1.5678626885024278e-29
2.543345761304648e-05 1.463268501376384e-29
2.5728259674479322e-05 1.3656552893883315e-29
2.6026478819690045e-05 1.2745569666585154e-29
2.63281546564802e-05 1.1895385725396514e-29
2.6633327251749808e-05 1.1101941926855574e-29
2.694203713681882e-05 1.0361450189123711e-29
2.725432531281028e-05 9.67037539141177e-30
2.7570233256095827e-05 9.02541847555138e-30
2.7889802923804396e-05 8.42350068247083e-30
2.8213076759394707e-05 7.86174883831205e-30
2.8540097698292376e-05 7.337481622860676e-30
2.8870909173592348e-05 6.84819675896807e-30
2.9205555121827452e-05 6.391559052206831e-30
2.95440799888038e-05 5.965389234303464e-30
2.9886528735503827e-05 5.567653549099499e-30
3.0232946844057763e-05 5.196454033768013e-30
3.0583380323784315e-05 4.850019452126574e-30
3.0937875717301366e-05 4.526696829254072e-30
3.12964801067075e-05 4.224943555413993e-30
3.165924111983521e-05 3.9433200152284494e-30
3.2026206936576505e-05 3.680482708940944e-30
3.2397426295281954e-05 3.435177835413066e-30
3.277294849923382e-05 3.206235300342961e-30
3.315282342319423e-05 2.9925631277579008e-30
3.353710152002929e-05 2.7931422430345606e-30
3.392583382740992e-05 2.607021604223475e-30
3.4319071974590426e-05 2.433313660328173e-30
3.4716868189265594e-05 2.2711901102658153e-30
3.511927530450728e-05 2.119877947519801e-30
3.552634676578139e-05 1.9786557675701573e-30
3.5938136638046256e-05 1.8468503218632063e-30
3.6354699612933176e-05 1.7238333033101653e-30
3.677609101601031e-05 1.6090183443854086e-30
3.720236681413066e-05 1.5018582176407768e-30
3.7633583622865324e-05 1.4018422220661367e-30
3.806979871402284e-05 1.3084937439636938e-30
3.8511070023255685e-05 1.221367981785306e-30
3.895745615775501e-05 1.1400498212771195e-30
3.940901640403448e-05 1.0641518540558044e-30
3.986581073580439e-05 9.933125276118959e-31
4.032789982193705e-05 9.2719441884822e-31
4.079534503452449e-05 8.654826237396503e-31
4.1268208457029516e-05 8.078832532490847e-31
4.174655289253135e-05 7.541220308928552e-31
4.223044187206672e-05 7.039429832405597e-31
4.271993966306776e-05 6.571072178675763e-31
4.321511127789762e-05 6.133917835508638e-31
4.371602248248502e-05 5.7258860557315665e-31
4.422273980505897e-05 5.3450349307583745e-31
4.473533054498463e-05 4.989552121209891e-31
4.525386278170167e-05 4.657746206664104e-31
4.577840538376616e-05 4.3480386179286035e-31
4.6309028017997366e-05 4.058956100172066e-31
4.684580115873045e-05 3.7891236868105368e-31
4.738879609717651e-05 3.5372581379430697e-31
4.793808495089107e-05 3.302161817132117e-31
4.8493740673352334e-05 3.0827169808050125e-31
4.9055837063650453e-05 2.877880442821505e-31
4.962444877628913e-05 2.6866786011754395e-31
5.0199651331100794e-05 2.508202793085869e-31
5.0781521123276707e-05 2.3416049604589023e-31
5.137013543351339e-05 2.186093607642021e-31
5.196557243827657e-05 2.0409300242836907e-31
5.2567911220184194e-05 1.905424764997309e-31
5.3177231778509664e-05 1.7789343611355946e-31
5.379361503980698e-05 1.660858252341404e-31
5.441714286865888e-05 1.550635925164059e-31
5.5047898078549675e-05 1.4477442389886827e-31
5.5685964442864085e-05 1.351694934108438e-31
5.633142670601352e-05 1.262032303834923e-31
5.6984370594691364e-05 1.1783310222488614e-31
5.764488282925873e-05 1.1001941186479756e-31
5.8313051135262185e-05 1.0272510843288561e-31
5.8988964255084936e-05 9.59156108580587e-32
5.9672711959733106e-05 8.955864305931171e-32
6.0364385060758635e-05 8.362408015974382e-32
6.106407542232036e-05 7.808380509398995e-32
6.177187597338488e-05 7.291157456394482e-32
6.248788072006888e-05 6.808289416240747e-32
6.321218475812448e-05 6.35749016866103e-32
6.394488428556937e-05 5.936625825971578e-32
6.468607661546321e-05 5.543704681634886e-32
6.543586018883229e-05 5.176867719131623e-32
6.619433458774387e-05 4.8343797714404356e-32
6.696160054853215e-05 4.5146212591028767e-32
6.773775997517745e-05 4.216080481396028e-32
6.852291595284057e-05 3.9373464292677966e-32
6.9317172761554e-05 3.6771020647537994e-32
7.012063589007177e-05 3.434118062139331e-32
7.09334120498799e-05 3.2072469574713333e-32
7.175560918936922e-05 2.9954176905553314e-32
7.258733650817246e-05 2.797630517350984e-32
7.342870447166758e-05 2.612952248361317e-32
7.42798248256491e-05 2.4405118163240193e-32
7.514081061116962e-05 2.2794961449947297e-32
7.601177617955322e-05 2.129146273807687e-32
7.689283720758305e-05 1.9887537191413535e-32
7.778411071286482e-05 1.857657193583412e-32
7.868571506936843e-05 1.735239504975629e-32
7.959777002314978e-05 1.6209241992484262e-32
8.05203967082547e-05 1.5141729757507813e-32
8.145371766280736e-05 1.4144835563183258e-32
8.239785684528512e-05 1.3213877191906643e-32
8.335293965098187e-05 1.234449357541022e-32
8.43190929286625e-05 1.1532599541744016e-32
8.529644499741017e-05 1.0774370247443406e-32
8.628512566366887e-05 1.0066233979926932e-32
8.728526623848371e-05 9.404874727418176e-33
8.829699955494083e-05 8.787227042642168e-33
8.932045998580959e-05 8.210370430617844e-33
9.03557834613892e-05 7.67155058427439e-33
9.140310748756223e-05 7.168286986075984e-33
9.246257116405733e-05 6.69825625936006e-33
9.353431520292377e-05 6.25922603125918e-33
9.461848194721992e-05 5.849135260572424e-33
9.571521538991856e-05 5.466080895318049e-33
9.682466119303115e-05 5.1082771863991174e-33
9.794696670695385e-05 4.7740512281392754e-33
9.908228099003788e-05 4.4618366067439494e-33
0.00010023075482838654 4.170173378923553e-33
0.00010139254075588153 3.897701188913241e-33
0.00010256779307444219 3.643151854741674e-33
0.00010375666787451859 3.4053439508177785e-33
0.00010495932305582277 3.183177959418699e-33
0.00010617591834830001 2.9756188771290655e-33
0.00010740661533334334 2.7816950101511966e-33
0.00010865157746525384 2.600506153928348e-33
0.00010991097009294972 2.4312129078331963e-33
0.0001111849604819271 2.273029300022567e-33
0.00011247371783647519 2.1252221130809406e-33
0.00011377741332214914 1.9871074254663506e-33
0.00011509622008850323 1.8580466186614555e-33
0.00011643031329208767 1.737442758597032e-33
0.00011777987011971193 1.6247373390532697e-33
0.0001191450698119776 1.5194090476485736e-33
0.00012052609368708426 1.4209716319790674e-33
0.00012192312516491107 1.3289725077804274e-33
0.0001233363497913776 1.2429883408631384e-33
0.00012476595526308696 1.1626216995965658e-33
0.00012621213145225474 1.0875035263687694e-33
0.00012767507043192657 1.017290394610998e-33
0.0001291549665014884 9.516583020910356e-34
0.00013065201621247213 8.903047978525677e-34
0.00013216641839466052 8.329497336753375e-34
0.00013369837418249466 7.793311065942279e-34
0.00013524808704178755 7.292036232666435e-34
0.0001368157627967472 6.823377938663995e-34
0.00013840160965731315 6.3851942191567765e-34
0.00014000583824680976 5.975489482425752e-34
0.00014162866162991988 5.592397267913849e-34
0.0001432702953409831 5.23417192977153e-34
0.00014493095741262166 4.899184209557837e-34
0.00014661086840469845 4.585913725546921e-34
0.00014831025143361044 4.292942182588219e-34
0.00015002933220192182 4.018941331561311e-34
0.00015176833902834055 3.762668121219667e-34
0.00015352750287804228 3.522964878873732e-34
0.000155307057393346 3.2987505024717247e-34
0.00015710723892474503 3.089013370564918e-34
0.0001589282865622978 2.8928086925226828e-34
0.00016077044216738237 2.7092541413473207e-34
0.00016263395040481922 2.537524973109004e-34
0.00016451905877536624 2.376850805650256e-34
0.00016642601764859036 2.2265124920064697e-34
0.00016835508029612023 2.0858376432136804e-34
0.00017030650292528443 1.954197551293558e-34
0.0001722805447131394 1.8310047309396908e-34
0.00017427746784089192 1.7157103292136145e-34
0.00017629753752872057 1.607801690404049e-34
0.0001783410220710008 1.5067997881479117e-34
0.00018040819287193827 1.4122569499031853e-34
0.00018249932448161524 1.3237546630988101e-34
0.00018461469463245476 1.240901712205815e-34
0.0001867545842761076 1.163332400957366e-34
0.00018891927762076664 1.0907050393231257e-34
0.00019110906216891378 1.0227003550605593e-34
0.0001933242287555045 9.59019936616409e-35
0.00019556507158659492 8.993847843104882e-35
0.00019783188827841644 8.4353396714426e-35
0.0002001249798969037 7.912236473134614e-35
0.00020244465099768038 7.422259447498474e-35
0.00020479120966650853 6.96327732088371e-35
0.0002071649675602069 6.533297406672234e-35
0.0002095662399480433 6.130457036041691e-35
0.0002119953457536071 5.753014529622387e-35
0.00021445260759716674 5.399341291721483e-35
0.00021693835183851843 5.067914836876455e-35
0.00021945290862033137 4.7573113389750103e-35
0.0002219966119119955 4.46619873928911e-35
0.0002245697995539774 4.193331344974852e-35
0.0002271728133026905 3.937544337356459e-35
0.0002298059988758851 3.6977488721248715e-35
0.0002324697059985648 3.472926294519232e-35
0.00023516428844943486 3.262122854075636e-35
0.00023789010410788934 3.064446948960401e-35
0.00024064751500154242 2.8790650234709833e-35
0.00024343688735431105 2.7051967237234195e-35
0.00024625859163505465 2.5421119638622067e-35
0.00024911300260677886 2.3891280595468733e-35
0.0002520004993764092 2.2456058919548193e-35
0.0002549214654451423 2.110947162963989e-35
0.0002578762887593801 1.9845926111025893e-35
0.0002608653617622548 1.8660188805540316e-35
0.00026388908144575103 1.7547356930462564e-35
0.0002669478494034321 1.650284355697833e-35
0.00027004207188377727 1.5522357217664897e-35
0.0002731721598441376 1.4601878836454818e-35
0.000276338529005317 1.3737646300938188e-35
0.00027954159990678566 1.292613959408974e-35
0.0002827817979625341 1.2164062216914648e-35
0.0002860595535175742 1.1448326669262247e-35
0.000289375301905095 1.0776042566185949e-35
0.0002927294835042816 1.0144503833355113e-35
0.00029612254379880347 9.551176730321871e-36
0.00029955493343598134 8.993687690760596e-36
0.0003030271082866396 8.469813096276237e-36
0.0003065395295056527 7.977470777619493e-36
0.00031009266359319264 7.514710488748365e-36
0.00031368698245668765 7.079704987303406e-36
0.00031732296347349763 6.670742431963432e-36
0.00032100108955431715 6.286218989842362e-36
0.00032472184920731285 5.924631781033881e-36
0.00032848573660300434 5.584572471257118e-36
0.0003322932516398972 5.264721179353021e-36
0.0003361449000108765 4.96384098420024e-36
0.0003400411932703706 4.6807725767242114e-36
0.00034398264890229247 4.414428979776814e-36
0.00034796979038876914 4.163791234604284e-36
0.0003520031472796679 3.9279042798776804e-36
0.0003560832552629278 3.705872494060724e-36
0.000360210656235707 3.496855897331786e-36
0.00036438589837635443 3.3000668813919285e-36
0.0003686095362172158 3.1147668126669526e-36
0.00037288213071828336 2.9402628124292472e-36
0.00037720424934169976 2.7759049195144142e-36
0.00038157646612712486 2.6210833897863218e-36
0.00038599936176797673 2.4752262156586183e-36
0.000390473523688556 2.3377966689820367e-36
0.0003949995461220643 2.2082909614759847e-36
0.000399578030189527 2.0862363360825563e-36
0.00040420958397963103 1.9711891228343882e-36
0.0004088948226294864 1.8627328354438798e-36
0.00041363436840632776 1.7604764878493108e-36
0.00041842885079015847 1.6640529897948834e-36
0.0004232789065573553 1.573117641239582e-36
0.00042818517986524155 1.4873467322341844e-36
0.0004331483223376403 1.4064362645127706e-36
0.00043816899315141946 1.330100712635906e-36
0.00044324785912404005 1.2580718453676127e-36
0.00044838559480211905 1.190097665314231e-36
0.0004535828825510191 1.1259414007787318e-36
0.00045884041264547613 1.0653805664964255e-36
0.0004641588833612782 1.0082060776648497e-36
0.0004695390010680063 9.542214062043624e-37
0.0004749814803228505 9.032418201337277e-37
0.0004804870439655134 8.55093654618992e-37
0.0004860564232142139 8.096136218286044e-37
0.0004916903577628031 7.666481782772092e-37
0.0004973895958790067 7.260529223962518e-37
0.0005031548945038057 6.876920405441016e-37
0.0005089870193519685 6.514377794185168e-37
0.0005148867450137498 6.171699464330723e-37
0.0005208548550577665 5.847754551968702e-37
0.0005268921421350677 5.541478941815825e-37
0.0005329994080844093 5.251871135946762e-37
0.0005391774640387505 4.977988439565334e-37
0.0005454271305329836 4.7189434857938954e-37
0.0005517492376129129 4.473900862765193e-37
0.0005581446249454966 4.242073916939405e-37
0.0005646141419303673 4.022721850050684e-37
0.0005711586478126435 3.8151469558098864e-37
0.0005777790117970507 3.6186920212331293e-37
0.0005844761131633638 3.4327379110329795e-37
0.0005912508413831881 3.256701286292412e-37
0.0005981040962380944 3.0900324442814457e-37
0.0006050367879391225 2.9322133075942978e-37
0.0006120498372476703 2.782755574637756e-37
0.0006191441755977848 2.641198936853813e-37
0.0006263207452198692 2.5071093979047743e-37
0.0006335804992658254 2.3800777270390862e-37
0.0006409244019356456 2.2597179959484804e-37
0.0006483534286054727 2.1456662104264745e-37
0.0006558685659571436 2.037579011603974e-37
0.0006634708121092351 1.9351324551189255e-37
0.0006711611767496287 1.8380208844949152e-37
0.0006789406812696112 1.7459558613788574e-37
0.0006868103588995307 1.6586651532034185e-37
0.000694771254846024 1.5758917883232835e-37
0.0007028244264308353 1.497393172412751e-37
0.0007109709432312439 1.4229402505018946e-37
0.0007192118872221193 1.3523167228843973e-37
0.0007275483529196233 1.2853183127425883e-37
0.0007359814475265771 1.2217520664294445e-37
0.0007445122910795143 1.1614357011719751e-37
0.0007531420165974376 1.1041969952280246e-37
0.0007618717702322999 1.0498732124428964e-37
0.0007707027114212304 9.983105567412585e-38
0.0007796360130405237 9.493636601976763e-38
0.0007886728615614156 9.028951092233051e-38
0.0007978144572076629 8.587749864659382e-38
0.0008070620141149507 8.168804465240532e-38
0.0008164167604921472 7.770953206516152e-38
0.0008258799387844272 7.393097346865207e-38
0.0008354528058382871 7.034197567717346e-38
0.0008451366330684721 6.693270621145172e-38
0.0008549327066268385 6.369386199715616e-38
0.0008648423275731727 6.061663973636613e-38
0.0008748668120479914 5.769270771863841e-38
0.0008850074914473439 5.49141800501585e-38
0.0008952657125996401 5.227359145710526e-38
0.0009056428379445294 4.976387407437324e-38
0.0009161402457138521 4.737833565943581e-38
0.0009267593301146883 4.5110638493528343e-38
0.000937501501514529 4.2954780221786203e-38
0.0009483681866285928 4.0905075136494395e-38
0.0009593608287093146 3.8956136948994284e-38
0.0009704808877380307 3.710286251532188e-38
0.0009817298406188842 3.5340416065208505e-38
0.00099310918137498 3.3664215021667665e-38
0.0010046204213468132 3.206991594800392e-38
0.001016265089392995 3.0553401710047233e-38
0.0010280447320933097 2.91107693207282e-38
0.0010399609139541202 2.7738318098442964e-38
0.0010520152176161591 2.643253914559172e-38
0.0010642092440647246 2.519010474096184e-38
0.001076544612842316 2.4007858748470964e-38
0.0010890229622637305 2.2882807535698047e-38
0.001101645949633657 2.1812111032655247e-38
0.001114415251466788 2.0793074898734674e-38
0.0011273325637104871 1.9823142488906097e-38
0.0011403996019700331 1.889988767120352e-38
0.0011536181017364785 1.8021008014521278e-38
0.0011669898186171474 1.7184318007731112e-38
0.0011805165285688056 1.6387743219982923e-38
0.0011942000281335325 1.5629314192603342e-38
0.0012080421346773289 1.4907161048796808e-38
0.0012220446866314887 1.4219508362253548e-38
0.0012362095437367692 1.3564669991843695e-38
0.0012505385872903913 1.2941044725497956e-38
0.0012650337203959038 1.2347111612722745e-38
0.0012796968682159415 1.178142591112757e-38
0.001294529978227916 1.124261520644451e-38
0.0013095350204826678 1.072937546115164e-38
0.0013247139878661174 1.0240467766205036e-38
0.0013400688963639508 9.774714753123872e-39
0.001355601785329369 9.3309975403346e-39
0.0013713147177539457 8.908252790277215e-39
0.001387209780541621 8.50546967356368e-39
0.0014032890847858733 8.121687448594044e-39
0.0014195547660501016 7.755992685130942e-39
0.0014360089846512606 7.407516960486071e-39
0.0014526539259467812 7.075434624304527e-39
0.0014694918006248172 6.758960454183733e-39
0.0014865248449978572 6.457347850444197e-39
0.0015037553212997384 6.169886678599893e-39
0.001521185517986105 5.89590152992947e-39
0.0015388177500383464 5.6347500169908225e-39
0.001556654359271062 5.385820956388632e-39
0.0015746977146430868 5.148533022345287e-39
0.001592950212572123 4.922333062628427e-39
0.0016114142772530198 4.706694784100446e-39
0.0016300923609797412 4.501117447377445e-39
0.001648986944471065 4.3051244546691436e-39
0.0016681005372000592 4.11826234469627e-39
0.0016874356777273757 3.940099473404747e-39
0.001706994934038408 3.770225019468257e-39
0.001726780903884356 3.6082479802125684e-39
0.0017467962151272458 3.4537960731718485e-39
0.0017670435260889468 3.306514982992507e-39
0.0017875255259042354 3.1660673260937833e-39
0.0018082449348779518 3.0321318966419294e-39
0.0018292045048462937 2.9044028909763606e-39
0.0018504070195423021 2.78258905412383e-39
0.0018718552949655793 2.6664131100083447e-39
0.0018935521797562953 2.5556109508425085e-39
0.0019155005555735278 2.4499310631740546e-39
0.001937703337477989 2.3491339250446733e-39
0.0019601634743191855 2.2529913461629206e-39
0.0019828839491270716 2.1612860296102477e-39
0.002005867779508234 2.0738109413661577e-39
0.002029118018046678 1.9903688700768116e-39
0.002052637752709252 1.9107719553523894e-39
0.0020764301072557748 1.8348411825726126e-39
0.0021004982416539153 1.76240603664722e-39
0.0021248453524988827 1.6933040180911896e-39
0.0021494746734379805 1.6273803009155006e-39
0.00217438947560008 1.564487361038543e-39
0.0021995930680300748 1.5044845955345616e-39
0.0022250887981283695 1.4472380389525287e-39
0.002250880052095462 1.3926200001091112e-39
0.00227697025538168 1.3405087908388726e-39
0.0023033628731421313 1.2907884315747728e-39
0.002330061410696925 1.2433483709358733e-39
0.002357069413996728 1.1980832432382693e-39
0.0023843904700937206 1.1548926054318632e-39
0.002412028207618007 1.1136807161452795e-39
0.00243998629725955 1.0743563015930148e-39
0.0024682684522556926 1.0368323555116215e-39
0.0024968784288843266 1.0010259234740711e-39
0.0025258200269627847 9.66857922548243e-40
0.002555097090352507 9.342529556105604e-40
0.002584713507469564 9.031391252637023e-40
0.002614673211801092 8.734478969018281e-40
0.00264498018242772 8.451139014915533e-40
0.0026756384445520455 8.180748221058866e-40
0.0027066520700332413 7.922712331746676e-40
0.0027380251779278576 7.676464534601768e-40
0.0027697619350368907 7.441464569395986e-40
0.002801866556459195 7.2171969059957156e-40
0.002834343306151309 7.003170128430874e-40
0.00286719649749377 6.79891551363394e-40
0.0029004304938639917 6.603985883760984e-40
0.002934049709215787 6.4179550569818994e-40
0.0029680586086656023 6.240416177929371e-40
0.003002461709085549 6.070981475989497e-40
0.0030372635797033115 5.909280999460255e-40
0.0030724688427090033 5.754961735771353e-40
0.003108082173869064 5.607687286323062e-40
0.0031441083031472647 5.4671363732295805e-40
0.00318055201533292 5.333002837141935e-40
0.0032174181506763717 5.204994519317867e-40
0.003254711605531848 5.082832601466685e-40
0.003292437333007769 4.9662514088297914e-40
0.0033306003436245884 4.854997123252437e-40
0.003369205705980267 4.748827902648827e-40
0.003408258547423452 4.647512916319682e-40
0.0034477640547344642 4.550831859721215e-40
0.0034877274748141775 4.458574814976236e-40
0.003528154115380883 4.3705411928362844e-40
0.0035690493456752297 4.2865398806792256e-40
0.0036104185971733375 4.20638843923027e-40
0.0036522673643081755 4.129912750622776e-40
0.0036946012051993025 4.056946890907507e-40
0.0037374257423910644 3.987332307552115e-40
0.0037807466635993493 3.9209179324085e-40
0.0038245697224669993 3.857559542954167e-40
0.0038689007393279753 3.797119506525788e-40
0.003913745601980384 3.739466641769305e-40
0.0039591102664684585 3.6844756200857515e-40
0.004005000757873611 3.6320270095077415e-40
0.004051423171114647 3.582006794382749e-40
0.0040983836717572615 3.5343061851622656e-40
0.004145888496832911 3.4888214624464423e-40
0.004193943955667186 3.4454535753861057e-40
0.004242556430717777 3.4041081074272034e-40
0.004291732378422158 3.3646949389837914e-40
0.004341478330055093 3.327128099494331e-40
0.004391800892596086 3.291325598031853e-40
0.004442706749606883 3.2572091826038276e-40
0.004494202662119142 3.2247042359763055e-40
0.0045462954695324 3.1937395590174072e-40
0.004598992090522438 3.164247249165807e-40
0.004652299523960189 3.1361625260823597e-40
0.004706224849841282 3.1094236131861168e-40
0.004760775230226368 3.083971581097392e-40
0.004815957910192351 3.0597502263098333e-40
0.004871780218794631 3.0367059663694826e-40
0.004928249570040513 3.0147876695018225e-40
0.004985373463873894 2.993946622432065e-40
0.005043159487171359 2.9741363416289704e-40
0.005101615314749833 2.9553125224793275e-40
0.005160748710385908 2.937432945947473e-40
0.005220567527846975 2.920457319338477e-40
0.005281079711934331 2.9043473002940623e-40
0.005342293299538352 2.8890662942365184e-40
0.005404216420705915 2.8745794522043564e-40
0.00546685729972018 2.8608535866179018e-40
0.0055302242561929005 2.847857027764436e-40
0.005594325706169377 2.835559680775817e-40
0.005659170163246243 2.823932823735771e-40
0.005724766239702178 2.8129491365624794e-40
0.005791122647641758 2.802582624983809e-40
0.005858248200152536 2.7928084948937723e-40
0.005926151812475552 2.7836032257809635e-40
0.005994842503189409 2.7749443794396918e-40
0.006064329395408062 2.7668106466897276e-40
0.006134621717992506 2.759181779299092e-40
0.0062057288067765 2.7520384824573787e-40
0.0062776601058065 2.745362493710582e-40
0.006350425168595962 2.7391364081511975e-40
0.006424033659394191 2.7333437337299514e-40
0.006498495354469888 2.727968830978581e-40
0.006573820143409586 2.7229968225789036e-40
0.006650018030431118 2.7184136711651313e-40
0.006727099135712337 2.7142060236605724e-40
0.006805073696735207 2.7103612691543426e-40
0.0068839520696454964 2.706867486179423e-40
0.006963744730628222 2.703713367639961e-40
0.007044462277299037 2.700888293916047e-40
0.007126115430111745 2.6983821967515846e-40
0.007208715033782135 2.696185616104011e-40
0.007292272058728313 2.6942896545689027e-40
0.007376797602527731 2.6926859156276546e-40
0.007462302891391108 2.6913665705583767e-40
0.007548799281653432 2.6903242408352185e-40
0.007636298261282242 2.6895520520903657e-40
0.0077248114514034 2.6890435951384667e-40
0.007814350607844541 2.68879287548476e-40
0.00790492762269642 2.6887943738574704e-40
0.007996554525892346 2.6890429452626446e-40
0.008089243486805939 2.6895338693732626e-40
0.008183006815867389 2.6902628175225588e-40
0.008277856966198472 2.6912258115557983e-40
0.00837380653526649 2.692419278581357e-40
0.008470868266557402 2.6938399644545007e-40
0.008569055051268348 2.69548498067123e-40
0.008668379930019773 2.6973517766760475e-40
0.008768856094587427 2.699438106367528e-40
0.008870496889654403 2.701742078097663e-40
0.00897331581458352 2.7042620802785017e-40
0.009077326525210224 2.7069968253406636e-40
0.009182542835656282 2.7099453267224307e-40
0.009288978720164497 2.7131068716024773e-40
0.009396648314954691 2.716481067399193e-40
0.009505565920101192 2.720067777287109e-40
0.009615746001432095 2.723867162080407e-40
0.009727203192450537 2.727879661329817e-40
0.009839952296278227 2.7321059711238604e-40
0.009954008287621519 2.7365470884512003e-40
0.010069386314760271 2.7412042545963665e-40
0.010186101701559752 2.7460789960065003e-40
0.010304169949505875 2.7511731090108013e-40
0.010423606739764012 2.7564886417923076e-40
0.010544427935261684 2.762027938041878e-40
0.010666649582795389 2.76779358642462e-40
0.010790287915161836 2.7737884616434087e-40
0.01091535935331391 2.780015712406679e-40
0.011041880508541602 2.7864787469234896e-40
0.011169868184678225 2.7931812773451186e-40
0.011299339380332217 2.8001272737297353e-40
0.011430311291144786 2.807321006670022e-40
0.011562801312073753 2.814767038269051e-40
0.011696827039703846 2.822470210758791e-40
0.01183240627458378 2.8304356933354345e-40
0.011969557023590429 2.8386689392797866e-40
0.012108297502320394 2.8471757317114703e-40
0.012248646137509308 2.855962177495097e-40
0.012390621569479156 2.8650346988404577e-40
0.012534242654613994 2.874400084320104e-40
0.01267952846786434 2.8840654480303748e-40
0.012826498305280598 2.894038280307092e-40
0.012975171686575868 2.9043264446860383e-40
0.013125568357718428 2.9149381726347133e-40
0.013277708293554291 2.925882120830541e-40
0.013431611700460153 2.9371673314836744e-40
0.013587299019027091 2.9488032902392454e-40
0.013744790926775366 2.960799926584296e-40
0.013904108340900697 2.9731676122097828e-40
0.014065272421052363 2.9859172270802363e-40
0.014228304572143519 2.9990601202981917e-40
0.014393226447194065 3.012608177988284e-40
0.014560059950206485 3.0265738279069243e-40
0.014728827239075018 3.0409700423941775e-40
0.014899550728528537 3.0558104164350082e-40
0.015072253093107555 3.071109128772586e-40
0.01524695727017573 3.0868810233956858e-40
0.015423686462966274 3.1031416196273077e-40
0.01560246414366368 3.119907121264902e-40
0.015783314056521166 3.1371945108228175e-40
0.01596626022101425 3.1550215110525514e-40
0.016151326935030914 3.1734066848623414e-40
0.01633853877809862 3.1923694529248526e-40
0.016527920614648955 3.2119301115279415e-40
0.0167194975973199 3.2321099486506896e-40
0.016913295170296487 3.2529312067217864e-40
0.01710933907269015 3.274417207571967e-40
0.01730765534195726 3.2965923807555836e-40
0.01750827031735725 3.3194822940184375e-40
0.017711210643450888 3.343113799025762e-40
0.017916503273639015 3.3675149972523615e-40
0.018124175473742378 3.3927153991986266e-40
0.018334254825622908 3.418745968400826e-40
0.018546769230846995 3.4456391705475315e-40
0.018761746914391215 3.473429159922408e-40
0.018979216428391014 3.502151752049867e-40
0.019199206655932846 3.5318446303596453e-40
0.019421746814890263 3.5625474136601385e-40
0.019646866461804465 3.5943017332617627e-40
0.01987459549580984 3.6271514761299297e-40
0.02010496416260499 3.6611427707827867e-40
0.02033800305846982 3.696324260624476e-40
0.020573743134329137 3.7327472071372306e-40
0.02081221569986339 3.770465609687582e-40
0.021053452427667062 3.80953652898399e-40
0.02129748535745521 3.8500200975849165e-40
0.021544346900318846 3.891979888481458e-40
0.02179406984302956 3.935483073563994e-40
0.0220466873523941 3.980600609431598e-40
0.022302232979659387 4.027407676664533e-40
0.022560740664968614 4.0759837346393606e-40
0.022822244741868985 4.126413028708057e-40
0.023086779941871697 4.178784835583841e-40
0.023354381399064792 4.233193752797195e-40
0.023625084654779475 4.289740308268431e-40
0.023898925662310503 4.348531093644311e-40
0.02417594079169131 4.4096794770973845e-40
0.024456166834524465 4.473305987634874e-40
0.024739641008868142 4.539538769980415e-40
0.025026400964179192 4.608514449609394e-40
0.025316484786313556 4.6803784044657905e-40
0.025609931002584595 4.755285788925884e-40
0.025906778586880088 4.8334021438354885e-40
0.026207066964838526 4.9149041199364024e-40
0.02651083601908539 4.9999807336881115e-40
0.026818126094530156 5.088833883150897e-40
0.02712897800372467 5.181679851964404e-40
0.027443433032283655 5.278750292112933e-40
0.02776153294436801 5.380293390759965e-40
0.028083319988231725 5.486575734471058e-40
0.028408836901833042 5.597883258257034e-40
0.028738126918510663 5.714523502512935e-40
0.029071233772725785 5.836827220100697e-40
0.029408201705870638 5.965150286729384e-40
0.029749075472144407 6.099876524385986e-40
0.030093900344497212 6.2414194240390004e-40
0.03044272212064303 6.3902255961457185e-40
0.030795587129142266 6.546777433329907e-40
0.03115254223555488 6.711596281172805e-40
0.03151363484866479 6.885246775777095e-40
0.031878912926776456 7.068339953905006e-40
0.03224842498408442 7.261538588285691e-40
0.0326222200971167 7.465561631057465e-40
0.03300034791125285 7.681189519876318e-40
0.03338285864731761 7.909270845379356e-40
0.033769803108250916 8.150727933737015e-40
0.03416123268585528 8.406565045620641e-40
0.034557199367621395 8.677875733972824e-40
0.03495775574363275 8.965851666346278e-40
0.035362955013550426 9.271792541134127e-40
0.03577285099367873 9.597115927340232e-40
0.0361874981241128 9.943369239074674e-40
0.03660695147596903 1.0312241373063688e-39
0.03703126675869927 1.0705576738991635e-39
0.03746050032748993 1.1125388186945334e-39
0.037894709190746674 1.157387338537971e-39
0.03833395101766601 1.2053429177654925e-39
0.03877828414589457 1.2566667230201863e-39
0.03922776758927719 1.3116433014011708e-39
0.03968246104569482 1.370581445063433e-39
0.04014242490499322 1.4338164604850677e-39
0.040607720257003654 1.501710476801714e-39
0.04107840889965647 1.5746533013296925e-39
0.04155455334718875 1.6530634561879846e-39
0.04203621683844714 1.7373848649383383e-39
0.04252346334528682 1.8280879738731275e-39
0.04301635758106795 1.925662602263552e-39
0.0435149650092505 2.030612445094903e-39
0.044019351852088745 2.1434482836235638e-39
0.044529585099426554 2.2646663861384703e-39
0.04504573251759458 2.3947400118971187e-39
0.04556786265841064 2.5340830383773526e-39
0.046096044868284336 2.6830200770181894e-39
0.04663034929742731 2.8417498795053132e-39
0.04717084690917017 3.010270448298749e-39
0.047717609489387455 3.1883428743949404e-39
0.04827070965603183 3.375385294732562e-39
0.0488302208687788 3.570404277399534e-39
0.04939621743878321 3.771913059314814e-39
0.04996877453854884 3.977815155911972e-39
0.0505479682119124 4.185387153377896e-39
0.05113387538414326 4.3911939819483475e-39
0.05172657387216019 4.59115340054771e-39
0.05232614239486662 4.7805955238555993e-39
0.052932660583605615 4.95447482764145e-39
0.05354620899273608 5.107604432118117e-39
0.05416686911033152 5.235037280477356e-39
0.05479472336900287 5.332458741525234e-39
0.05542985515684669 5.396499797365168e-39
0.05607234882852033 5.4252141281350467e-39
0.05672228971644543 5.418055167804201e-39
0.05737976414214134 5.376133603230512e-39
0.05804485942768978 5.301936084668574e-39
0.05871766390733255 5.199115116451945e-39
0.05939826693920356 5.0721721936342833e-39
0.06008675891719687 4.92599124072436e-39
0.0607832312829723 4.7655631307956015e-39
0.06148777653810023 4.5956204068867434e-39
0.062200488256347115 4.420475192482832e-39
0.06292146109610344 4.24383860732855e-39
0.06365079081295572 4.068820117898547e-39
0.0643885742724042 3.8978814762649546e-39
0.06513490946272803 3.7329133878857037e-39
0.0658898955079995 3.5753004221205e-39
0.06665363268124913 3.425974692965308e-39
0.06742622241778343 3.285536292131697e-39
0.06820776732865685 3.154286692927754e-39
0.06899837121430018 3.0323230605237476e-39
0.0697981390783066 2.9195850646429632e-39
0.07060717714137772 2.8158945053649855e-39
0.07142559285543126 2.7210088049086566e-39
0.07225349491787214 2.634634057214503e-39
0.07309099328602911 2.5564600011031365e-39
0.07393819919175866 2.4861729816893213e-39
0.07479522515621821 2.4234680053850134e-39
0.07566218500481055 2.3680634107089175e-39
0.07653919388230147 2.3197033755291087e-39
0.0774263682681127 2.2781673940935715e-39
0.07832382599179197 2.2432728730645882e-39
0.07923168624866253 2.2148790899971023e-39
0.08015006961565405 2.1928907757606034e-39
0.08107909806731686 2.1772605583166052e-39
0.08201889499202203 2.1679926286510138e-39
0.08296958520834907 2.165145590955667e-39
0.08393129498166364 2.168837272700202e-39
0.08490415204088747 2.1792483731595073e-39
0.0858882855954625 2.1966291366122758e-39
0.08688382635251184 2.2213052715142434e-39
0.08789090653419955 2.2536860400370205e-39
0.08890965989529158 2.2942740716230464e-39
0.08994022174092044 2.3436754762772804e-39
0.09098272894455559 2.4026135324844696e-39
0.09203731996618221 2.471942052013855e-39
0.09310413487069075 2.552663374725627e-39
0.09418331534647952 2.6459435433061306e-39
0.0952750047242729 2.753135114212082e-39
0.09637934799615785 2.8757925012604186e-39
0.09749649183484087 3.0156895303994516e-39
0.0986265846131282 3.174839738054567e-39
0.09976977642363201 3.355479904686464e-39
0.10092621909870483 3.56008570609269e-39
0.10209606623060476 3.79129800991599e-39
0.10327947319189525 4.0518479750411854e-39
0.10447659715608053 4.344435230690227e-39
0.10568759711848051 4.671380938258232e-39
0.10691263391734772 5.034398249400095e-39
0.10815187025522892 5.4338710276027796e-39
0.10940547072057435 5.868219934477029e-39
0.11067360180959745 6.333030265510029e-39
0.11195643194838795 6.81980515849422e-39
0.11325413151528127 7.315489748651521e-39
0.11456687286348727 7.801569585972807e-39
0.11589483034398118 8.255125176196721e-39
0.11723818032865997 8.65009247055762e-39
0.11859710123376706 8.961429402206114e-39
0.11997177354358855 9.168151444217863e-39
0.12136237983442417 9.258708955030652e-39
0.12276910479883604 9.232281396858794e-39
0.12419213527017846 9.099193691749409e-39
0.12563166024741215 8.878721061199732e-39
0.12708787092020596 8.594557093620471e-39
0.12856096069432965 8.271595297673674e-39
0.130051125217341 7.932315466852166e-39
0.13155856240457053 7.595533929229061e-39
0.1330834724654076 7.275404222047897e-39
0.1346260579298911 6.982262527093245e-39
0.13618652367560827 6.72282710416987e-39
0.1377650769549055 6.501467912716539e-39
0.13936192742241435 6.320839285861954e-39
0.14097728716289676 6.182562105145675e-39
0.142611370719413 6.08792695615734e-39
0.14426439512181588 6.038161453889429e-39
0.14593657991557576 6.03491699066133e-39
0.1476281471909391 6.080490664378925e-39
0.14933932161242533 6.178080353091042e-39
0.15107033044866555 6.332066349182244e-39
0.15282140360258709 6.548196846754028e-39
0.15459277364194784 6.83384419280899e-39
0.15638467583022478 7.198255227936087e-39
0.15819734815786016 7.652524233947568e-39
0.16003103137387018 8.209762804741706e-39
0.16188596901781993 8.884325622135469e-39
0.1637624074521689 9.69059506945214e-39
0.16566059589499152 1.0640781175243706e-38
0.1675807864530769 1.1738796648360029e-38
0.16952323415541215 1.2974864822859426e-38
0.1714881969870541 1.4312112340504658e-38
0.17347593592339325 1.5678493708833034e-38
0.17548671496481522 1.6959184286524365e-38
0.1775208011717636 1.8010299318140618e-38
0.1795784647002097 1.8687054269044823e-38
0.18165997883753285 1.8899061389606235e-38
0.18376562003881725 1.863883810071963e-38
0.18589566796356882 1.7988775529126522e-38
0.18805040551285834 1.7084052450784874e-38
0.1902301188668946 1.606758847376088e-38
0.19243509752303323 1.505661889964374e-38
0.19466563433422632 1.413228991587364e-38
0.19692202554791735 1.3342678873509308e-38
0.19920457084538712 1.2711564018528922e-38
0.20151357338155584 1.2250234770812873e-38
0.20384933982524642 1.196288319150544e-38
0.20621218039991446 1.1853827569390313e-38
0.2086024089248505 1.1930183719830636e-38
0.21102034285685967 1.2204653499840337e-38
0.21346630333242456 1.2697814131610745e-38
0.21594061521035676 1.3439245497836486e-38
0.21844360711494284 1.446838919146156e-38
0.22097561147959033 1.5834366469405124e-38
0.22353696459097966 1.7587392828130215e-38
0.22612800663372795 1.9768255439188214e-38
0.2287490817355704 2.236879876044886e-38
0.2314005380130654 2.5280003675298995e-38
0.23408272761782944 2.822245810360751e-38
0.23679600678330787 3.072137881226631e-38
0.23954073587208793 3.2217357526170944e-38
0.24231727942376008 3.236087921278189e-38
0.24512600620333397 3.1194456575237226e-38
0.24796728925021602 2.916022299831009e-38
0.2508415059277541 2.6790813996021514e-38
0.2537490379733572 2.452449903976563e-38
0.2566902715491952 2.2602469638342327e-38
0.25966559729348726 2.1136754190039752e-38
0.26267541037238384 2.015903945361785e-38
0.26572011053245065 1.9675155085581346e-38
0.26880010215376077 1.9695871279160995e-38
0.2719157943036019 2.0251202402083682e-38
0.2750676007908067 2.1403042146282783e-38
0.2782559402207126 2.325135059105075e-38
0.28148123605075814 2.592467944243671e-38
0.28474391664672477 2.956193381758302e-38
0.28804441533962977 3.420963389743502e-38
0.2913831704832789 3.962553932649648e-38
0.2947606255124859 4.4996046799388276e-38
0.29817722900196736 4.889075436794421e-38
0.30163343472591975 4.98472975033344e-38
0.30512970171828707 4.773596845843995e-38
0.30866649433372745 4.358882890340745e-38
0.3122442823092858 3.900159112422282e-38
0.3158635408267819 3.4972674567295285e-38
0.31952475057592133 3.1973003305882266e-38
0.32322839781813806 3.0095059580601063e-38
0.3269749744511768 2.9346966198268315e-38
0.33076497807442423 2.9747172991235166e-38
0.3345989120549975 3.139596800785423e-38
0.3384772855945983 3.4503698875719643e-38
0.34240061379714254 3.937172856015147e-38
0.34636941773717345 4.6260524501518374e-38
0.3503842245290676 5.504764374177274e-38
0.3544455673970436 6.413130241734455e-38
0.3585539857459817 7.03042404403751e-38
0.36271002523306484 7.053844353030196e-38
0.3669142378402494 6.495320396789275e-38
0.3711671819475767 5.711568410624068e-38
0.37546942240733366 4.987513015094487e-38
0.37982153061907364 4.4681386361382683e-38
0.3842240846055061 4.1735101603604547e-38
0.38867766908926676 4.102323613083358e-38
0.393182875570577 4.261597767610058e-38
0.39774030240580366 4.681955293395488e-38
0.40235055488692933 5.421378456812297e-38
0.4070142453219439 6.53960207327286e-38
0.4117319931161679 7.954266057539151e-38
0.4165044248545185 9.208613299435272e-38
0.4213321743847289 9.640666358416432e-38
0.4262158829015325 8.912413261276989e-38
0.43115619903182284 7.679496814988578e-38
0.4361537789208006 6.558259067561208e-38
0.441209286319119 5.814439619828359e-38
0.4463233926710397 5.481295877722756e-38
0.4514967772036102 5.548209371447963e-38
0.4567301270168747 6.046416529944265e-38
0.4620241371751313 7.071950385699841e-38
0.46737951079924633 8.756605816847325e-38
0.47279695916003905 1.083036502963289e-37
0.4782772017727485 1.2358804923204722e-37
0.4838209664925957 1.2200207177042684e-37
0.48942898961145315 1.0508147829176308e-37
0.49510201595563513 8.741983389744814e-38
0.5008407989848213 7.543148680535476e-38
0.5066461008921268 7.037240052316151e-38
0.5125186927053332 7.190812747024669e-38
0.5184593543892912 8.078200670742947e-38
0.5244688749495119 9.926811355084392e-38
0.5305480525369575 1.2642286010129922e-37
0.5366976945540476 1.5257879349788874e-37
0.5429186177618943 1.557971449469171e-37
0.5492116483887789 1.3290385474993176e-37
0.5555776222398878 1.081791426387843e-37
0.5620173848083188 9.243557879594492e-38
0.5685317913873753 8.761539402342098e-38
0.5751217071841613 9.328702995903843e-38
0.5817880074344935 1.1131402899317565e-37
0.5885315775191451 1.4580957103208316e-37
0.595353313081437 1.8359469261507375e-37
0.6022541201461928 1.9045108064876887e-37
0.6092349152400711 1.643004994680952e-37
0.6162966255132942 1.2991601239366414e-37
0.6234401888627864 1.1050225328655806e-37
0.6306665540567405 1.0777964297945498e-37
0.6379766808606282 1.2089685692516121e-37
0.6453715401646702 1.5588119469337095e-37
0.6528521141127848 2.087592493956794e-37
0.6604193962330305 2.3114536024992863e-37
0.6680743915695615 2.041113244593431e-37
0.675818116816111 1.5973578204710406e-37
0.6836516004510238 1.3196077491547368e-37
0.6915758828738525 1.2969216904690847e-37
0.6995920165435374 1.5301633196692227e-37
0.707701066118189 2.030290349917834e-37
0.7159041085964888 2.6516269200553707e-37
0.7242022334607315 2.6986635357118046e-37
0.732596542821523 2.080927332324607e-37
0.741088151564157 1.6333394478827243e-37
0.7496781874966877 1.5199241577093542e-37
0.7583677914997191 1.7323709890695373e-37
0.7671581176779302 2.347782456674581e-37
0.7760503335133571 3.172528749573228e-37
0.785045620020451 3.0616888763330413e-37
0.794145171902934 2.3004224202484513e-37
0.8033501977124734 1.8404676419100849e-37
0.8126619200091946 1.8167201740654308e-37
0.822081575524054 2.2671283783556704e-37
0.8316104153230962 3.1915515527050507e-37
0.8412497049736118 3.8019444180327775e-37
0.8510007247122247 3.0084912090779947e-37
0.8608647696149244 2.193374177277414e-37
0.8708431497690724 2.034173426434608e-37
0.880937190447399 2.5991938136158298e-37
0.8911482322840202 3.6578820238178425e-37
0.9014776314524917 4.062959631384412e-37
0.9119267598459299 3.3731095789035916e-37
0.9224970052592174 2.489424610028216e-37
0.9331897715733238 2.401742189344604e-37
0.9440064789417604 3.1759730204977875e-37
0.9549485639791966 4.559170697379699e-37
0.9660174799522646 4.60231954307615e-37
0.9772146969725725 3.1580228198373045e-37
0.9885417021919574 2.710847802506119e-37
1.0 3.147651543190192e-37
