0.0 9.054200307450557e-20
0.5 8.511667379827024e-20
1.0 7.946085563094878e-20
1.5 7.35961617467483e-20
2.0 6.754406363580049e-20
2.5 6.13258373543772e-20
3.0 5.496251707808437e-20
3.5 4.8474858316912636e-20
4.0 4.188331207908441e-20
4.5 3.5208010044478434e-20
5.0 2.84687595870578e-20
5.5 2.1685046422036775e-20
6.0 1.487604187621234e-20
6.5 8.060611378915349e-21
7.0 1.2573207880330086e-21
7.5 -5.515562409845673e-21
8.0 -1.2240075213613018e-20
8.5 -1.889857370490254e-20
9.0 -2.547375615888427e-20
9.5 -3.194869358269363e-20
10.0 -3.830686563645065e-20
10.5 -4.4532199203853634e-20
11.0 -5.060910654182276e-20
11.5 -5.652251998736914e-20
12.0 -6.225792062334049e-20
12.5 -6.780135904642002e-20
13.0 -7.313946734648817e-20
13.5 -7.825946247602367e-20
14.0 -8.314914223019157e-20
14.5 -8.779687594583106e-20
15.0 -9.219159265362365e-20
15.5 -9.632276970756676e-20
16.0 -1.001804248357727e-19
16.5 -1.0375511411756303e-19
17.0 -1.0703793764793099e-19
17.5 -1.100205536921634e-19
18.0 -1.1269520107658887e-19
18.5 -1.1505472853331295e-19
19.0 -1.1709262884089403e-19
19.5 -1.1880307498418758e-19
20.0 -1.201809552690912e-19
20.5 -1.2122190440602812e-19
21.0 -1.2192232801039757e-19
21.5 -1.2227941870706658e-19
22.0 -1.2229116298113837e-19
22.5 -1.2195633897476645e-19
23.0 -1.2127450646347755e-19
23.5 -1.2024599113185665e-19
24.0 -1.188718659014625e-19
24.5 -1.1715393236746605e-19
25.0 -1.1509470533782316e-19
25.5 -1.126974030464781e-19
26.0 -1.0996594487970593e-19
26.5 -1.0690495749890958e-19
27.0 -1.0351978917756932e-19
27.5 -9.981653112167226e-20
28.0 -9.580204363729006e-20
28.5 -9.148398435493742e-20
29.0 -8.687083539719622e-20
29.5 -8.197192642382828e-20
30.0 -7.679745090294624e-20
30.5 -7.135847368940945e-20
31.0 -6.566692895552115e-20
31.5 -5.973560859889565e-20
32.0 -5.357814231774949e-20
32.5 -4.720897146516854e-20
33.0 -4.0643319457684775e-20
33.5 -3.3897161836332275e-20
34.0 -2.6987199017253246e-20
34.5 -1.9930834326955237e-20
35.0 -1.2746159143796031e-20
35.5 -5.451945952446583e-21
36.0 1.9323510173018986e-21
36.5 9.386589014858562e-21
37.0 1.6889926269055003e-20
37.5 2.4420810868641846e-20
38.0 3.195697245692972e-20
38.5 3.9475420096742874e-20
39.0 4.695244918152967e-20
39.5 5.436365944040739e-20
40.0 6.168398500876984e-20
40.5 6.8887736345174e-20
41.0 7.594865262107831e-20
41.5 8.283996224425821e-20
42.0 8.953444853238557e-20
42.5 9.600451732785185e-20
43.0 1.0222226358721408e-19
43.5 1.0815953468106757e-19
44.0 1.137879892376931e-19
44.5 1.1907915173993217e-19
45.0 1.2400446458381133e-19
45.5 1.2853534075238813e-19
46.0 1.3264322147169532e-19
46.5 1.3629964404156761e-19
47.0 1.3947632535834131e-19
47.5 1.4214526641248013e-19
48.0 1.4427888226298006e-19
48.5 1.458501607419438e-19
49.0 1.468328515693096e-19
49.5 1.472016858490623e-19
50.0 1.46932624289602e-19
50.5 1.460031311566725e-19
51.0 1.4439247011251382e-19
51.5 1.4208201784897732e-19
52.0 1.3905559183646345e-19
52.5 1.3529978954373111e-19
53.0 1.3080433799834418e-19
53.5 1.2556245432668506e-19
54.0 1.1957121963793434e-19
54.5 1.1283196995763517e-19
55.0 1.0535070852713688e-19
55.5 9.713854335437064e-20
56.0 8.821215219495069e-20
56.5 7.859427404063638e-20
57.0 6.83142217180513e-20
57.5 5.740840453748379e-20
58.0 4.5920843424413643e-20
58.5 3.3903654106909215e-20
59.0 2.141746732781243e-20
59.5 8.53174937964844e-21
60.0 -4.675017785967308e-21
60.5 -1.8115339402075782e-20
61.0 -3.1692935195455567e-20
61.5 -4.5303228507698297e-20
62.0 -5.883412712537799e-20
62.5 -7.21671151021295e-20
63.0 -8.517866146128464e-20
63.5 -9.774193613376675e-20
64.0 -1.097288066749137e-19
64.5 -1.2101207224723818e-19
65.0 -1.314678751832153e-19
65.5 -1.4097821629719174e-19
66.0 -1.4943348906946339e-19
66.5 -1.5673494078996645e-19
67.0 -1.6279696639917375e-19
67.5 -1.6754914347816368e-19
68.0 -1.7093792466108345e-19
68.5 -1.7292791636486518e-19
69.0 -1.7350268951102778e-19
69.5 -1.7266508791543289e-19
70.0 -1.704370220753019e-19
70.5 -1.6685875887115208e-19
71.0 -1.6198773985296515e-19
71.5 -1.5589698096823475e-19
72.0 -1.4867312362857451e-19
72.5 -1.4041421994025635e-19
73.0 -1.312273430725816e-19
73.5 -1.2122611677086514e-19
74.0 -1.1052825595346256e-19
74.5 -9.925320352039054e-20
75.0 -8.751993760390215e-20
75.5 -7.544500941269847e-20
76.0 -6.314085563344946e-20
76.5 -5.0714412210208664e-20
77.0 -3.82660393709894e-20
77.5 -2.5888752065973272e-20
78.0 -1.3667736412506043e-20
78.5 -1.6801219750194447e-21
79.0 1.0005027847874258e-20
79.5 2.1326549263428043e-20
80.0 3.223087826581884e-20
80.5 4.267165857678807e-20
81.0 5.2609294128190306e-20
81.5 6.201047694787843e-20
82.0 7.08477144176607e-20
82.5 7.909887271175402e-20
83.0 8.674674643232972e-20
83.5 9.377865855495945e-20
84.0 1.0018609015021808e-19
84.5 1.0596433615997861e-19
85.0 1.1111218181182814e-19
85.5 1.1563159393418426e-19
86.0 1.195274222462751e-19
86.5 1.2280710731403567e-19
87.0 1.254803939157773e-19
87.5 1.2755905068188074e-19
88.0 1.2905659873285527e-19
88.5 1.2998805338394395e-19
89.0 1.3036968364931386e-19
89.5 1.302187942045573e-19
90.0 1.2955353369263935e-19
90.5 1.2839273191214198e-19
91.0 1.26755766699083e-19
91.5 1.2466245943329155e-19
92.0 1.2213299630330923e-19
92.5 1.191878709647204e-19
93.0 1.1584784319473274e-19
93.5 1.1213390768646626e-19
94.0 1.0806726727289178e-19
94.5 1.0366930558283926e-19
95.0 9.896155530528534e-20
95.5 9.396565971890231e-20
96.0 8.870332674798575e-20
96.5 8.319627634326024e-20
97.0 7.746618328256167e-20
97.5 7.153461840374145e-20
98.0 6.54229917325301e-20
98.5 5.915250092266327e-20
99.0 5.274408791534373e-20
99.5 4.621840583520124e-20
100.0 3.9595796997401216e-20
