0.0 4.3871346410827054e-20
0.5 4.0202523598372977e-20
1.0 3.644582822563413e-20
1.5 3.2615779944777107e-20
2.0 2.8725977148520665e-20
2.5 2.478875627846728e-20
3.0 2.0814986385550072e-20
3.5 1.6814020447603248e-20
4.0 1.279380623172728e-20
4.5 8.76114082070029e-21
5.0 4.722036448008559e-21
5.5 6.821528571253475e-22
6.0 -3.352755627799298e-21
6.5 -7.376431047671285e-21
7.0 -1.1381788298228779e-20
7.5 -1.5360714073561573e-20
8.0 -1.9304010443356583e-20
8.5 -2.3201488158518942e-20
9.0 -2.7042197338647477e-20
9.5 -3.0814767410017415e-20
10.0 -3.4507815829498045e-20
10.5 -3.811037762487023e-20
11.0 -4.161230591177357e-20
11.5 -4.50045974632252e-20
12.0 -4.827960659556266e-20
12.5 -5.143112398197899e-20
13.0 -5.445431293291216e-20
13.5 -5.734551233181938e-20
14.0 -6.010193085971109e-20
14.5 -6.272126961124497e-20
15.0 -6.520131828390988e-20
15.5 -6.753957290936213e-20
16.0 -6.973292030585159e-20
16.5 -7.177742641913177e-20
17.0 -7.36682534404966e-20
17.5 -7.539971548418714e-20
18.0 -7.696546642996653e-20
18.5 -7.835879816304763e-20
19.0 -7.957301464591041e-20
19.5 -8.060183850548893e-20
20.0 -8.143980311527524e-20
20.5 -8.208258491211848e-20
21.0 -8.252723769894629e-20
21.5 -8.27723021298804e-20
22.0 -8.28177781259327e-20
22.5 -8.266496394312186e-20
23.0 -8.231618116214163e-20
23.5 -8.177441818973669e-20
24.0 -8.104293441186897e-20
24.5 -8.012487180553083e-20
25.0 -7.902292004883853e-20
25.5 -7.773907504264275e-20
26.0 -7.62745199648098e-20
26.5 -7.462964375491387e-20
27.0 -7.280419590754108e-20
27.5 -7.079756048641364e-20
28.0 -6.860911821146948e-20
28.5 -6.623865495888823e-20
29.0 -6.368676929142493e-20
29.5 -6.09552313991523e-20
30.0 -5.804725114533197e-20
30.5 -5.496762320367309e-20
31.0 -5.172273138665746e-20
31.5 -4.8320410593080227e-20
32.0 -4.476968146906519e-20
32.5 -4.10803879463305e-20
33.0 -3.726277952567485e-20
33.5 -3.3327087114767546e-20
34.0 -2.928314254567818e-20
34.5 -2.514008736894649e-20
35.0 -2.0906206601599882e-20
35.5 -1.6588908881134664e-20
36.0 -1.2194857544447588e-20
36.5 -7.730239444721053e-21
37.0 -3.2011418929076963e-21
37.5 1.386005100840803e-21
38.0 6.023972513551524e-21
38.5 1.0704315684823404e-20
39.0 1.5417047407982218e-20
39.5 2.015044108385834e-20
40.0 2.489098967792975e-20
40.5 2.9623528300624723e-20
41.0 3.433150902404277e-20
41.5 3.899739827753234e-20
42.0 4.3603151990384255e-20
42.5 4.813071342209098e-20
43.0 5.2562474656983895e-20
43.5 5.688164566177636e-20
44.0 6.107248444741177e-20
44.5 6.512035729011557e-20
45.0 6.901161750308452e-20
45.5 7.273331273643169e-20
46.0 7.627275175608574e-20
46.5 7.961697963622327e-20
47.0 8.275222309091345e-20
47.5 8.566337360128466e-20
48.0 8.833357414338621e-20
48.5 9.074396564640034e-20
49.0 9.287363268365267e-20
49.5 9.469976604166981e-20
50.0 9.619803513082866e-20
50.5 9.734313853511573e-20
51.0 9.810947931486376e-20
51.5 9.847189573326512e-20
52.0 9.840637009895803e-20
52.5 9.789063981278536e-20
53.0 9.690464587089283e-20
53.5 9.543077428889155e-20
54.0 9.345387336017064e-20
54.5 9.096106158203969e-20
55.0 8.794137401490899e-20
55.5 8.438532496470221e-20
56.0 8.028448842079364e-20
56.5 7.563121131868641e-20
57.0 7.041857594589423e-20
57.5 6.46407153448376e-20
58.0 5.82935594294788e-20
58.5 5.137605121178605e-20
59.0 4.389182490053134e-20
59.5 3.5851284730333557e-20
60.0 2.727397007688328e-20
60.5 1.819104398057873e-20
61.0 8.647703793686362e-21
61.5 -1.2947111749789188e-21
62.0 -1.1557145971808041e-20
62.5 -2.2042007067501625e-20
63.0 -3.263327262201456e-20
63.5 -4.319766542632586e-20
64.0 -5.358694983832345e-20
64.5 -6.364133558524414e-20
65.0 -7.319388864997506e-20
65.5 -8.207576930023227e-20
66.0 -9.01220464187574e-20
66.5 -9.717778185973327e-20
67.0 -1.0310404368474763e-19
67.5 -1.0778349631870101e-19
68.0 -1.1112523047239295e-19
68.5 -1.1306853555408324e-19
69.0 -1.1358537959122271e-19
69.5 -1.1268144186679378e-19
70.0 -1.1039563548404095e-19
70.5 -1.0679815384299215e-19
71.0 -1.0198716907207594e-19
71.5 -9.608439457419943e-20
72.0 -8.92297916389079e-20
72.5 -8.157574655508918e-20
73.0 -7.328106665410843e-20
73.5 -6.45051401001362e-20
74.0 -5.540257602271588e-20
74.5 -4.6118591752392733e-20
75.0 -3.678534716540456e-20
75.5 -2.7519348410330045e-20
76.0 -1.8419961223110342e-20
76.5 -9.568994387027409e-21
77.0 -1.0312429243742064e-21
77.5 7.144176437811768e-21
78.0 1.4921904300221432e-20
78.5 2.227805839476327e-20
79.0 2.9197819866265636e-20
79.5 3.5673092628200873e-20
80.0 4.1700407802852825e-20
80.5 4.727919946393875e-20
81.0 5.2410525909049553e-20
81.5 5.709625774740573e-20
82.0 6.133870517623093e-20
82.5 6.51406161951706e-20
83.0 6.850544834312939e-20
83.5 7.143780067455198e-20
84.0 7.394389052772908e-20
84.5 7.603197019135563e-20
85.0 7.771259965163479e-20
85.5 7.899872008540617e-20
86.0 7.990550498958173e-20
86.5 8.04499979950036e-20
87.0 8.065057495393603e-20
87.5 8.052628987964583e-20
88.0 8.009617770862152e-20
88.5 7.937859066474456e-20
89.0 7.839063935332473e-20
89.5 7.714779576450246e-20
90.0 7.566369514637633e-20
90.5 7.395014984623996e-20
91.0 7.20173636278699e-20
91.5 6.987431252157527e-20
92.0 6.752924045785446e-20
92.5 6.49902066563312e-20
93.0 6.226561806050544e-20
93.5 5.936468419755461e-20
94.0 5.629774298573977e-20
94.5 5.307642271775415e-20
95.0 4.971362564000716e-20
95.5 4.622333981562998e-20
96.0 4.2620305840895737e-20
96.5 3.891958124501122e-20
97.0 3.5136056277878e-20
97.5 3.12839791736497e-20
98.0 2.737654652992396e-20
98.5 2.3425605608936618e-20
99.0 1.9441501310323776e-20
99.5 1.543308301566058e-20
100.0 1.1407867554013738e-20
