1.056179742498097482e+02
7.768719437542911521e+01
1.050325911692360492e+01
4.743336722211431322e+00
2.664960472922632828e+00
1.533232130213019406e+00
1.042886129971835052e+00
7.694130913441593611e-01
6.240765568216156689e-01
5.850883285978107917e-01
3.570948398830951498e-01
3.108119340904745842e-01
2.634294798502314627e-01
2.254438012563818317e-01
1.950199085902176444e-01
1.703767057953390618e-01
1.501677283551600683e-01
1.334010841007692294e-01
1.193422165018165199e-01
1.074404959183248437e-01
9.727757733498666737e-02
8.853141291473383412e-02
8.095100188543009889e-02
7.433846276343225590e-02
6.853613502681378533e-02
6.341717562706707112e-02
5.887861561325415105e-02
5.483617126074682990e-02
5.122032242152831094e-02
4.797331724596963498e-02
4.504686185327431286e-02
4.240032188946826763e-02
3.999931049598863531e-02
3.781457072872165814e-02
3.582108434425293475e-02
3.399735606346387246e-02
3.232483492993224600e-02
3.078744356701270182e-02
2.937119294664571056e-02
2.806386537342612369e-02
2.685475222451964850e-02
2.573443590051562382e-02
2.469460767239376950e-02
2.372791482813554551e-02
2.282783185526334954e-02
2.198855143583131402e-02
2.120489184719578576e-02
2.047221800691008745e-02
1.978637391224281547e-02
1.914362463359057728e-02
1.854060634893838280e-02
1.797428317079327945e-02
1.744190973098347017e-02
1.694099866266867913e-02
1.646929226104775282e-02
1.602473772067474628e-02
1.560546544324361261e-02
1.520976998886264253e-02
1.483609330955792081e-02
1.448300995836279519e-02
1.414921401299624668e-02
1.383350749129156308e-02
1.353479006768609598e-02
1.325204992706370023e-02
1.298435561513284348e-02
1.273084876386993552e-02
1.249073758700974986e-02
1.226329105458338030e-02
1.204783366748035309e-02
1.184374076325382663e-02
1.165043429319490009e-02
1.146737901826553989e-02
1.129407907801222022e-02
1.113007489221775129e-02
1.097494035993585790e-02
1.082828032480058142e-02
1.068972827917476741e-02
1.055894428294612379e-02
1.043561307554011913e-02
1.031944236223186935e-02
1.021016125794676349e-02
1.010751887366395652e-02
1.001128303218602050e-02
9.921239101517750902e-03
9.837188935393292519e-03
9.758949911655817946e-03
9.686354060191760748e-03
9.619247273066356893e-03
9.557488590294874881e-03
9.500949555427653376e-03
9.449513635776800660e-03
9.403075702700798913e-03
9.361541567899265073e-03
9.324827572158623373e-03
9.292860223416061702e-03
9.265575881442382478e-03
9.242920486780412809e-03
9.224849331965018218e-03
9.211326873335911117e-03
9.202326582092185472e-03
9.197830833507870951e-03
9.197830833507883094e-03
9.202326582092185472e-03
9.211326873335886831e-03
9.224849331965042504e-03
9.242920486780412809e-03
9.265575881442408498e-03
9.292860223416070375e-03
9.324827572158623373e-03
9.361541567899285890e-03
9.403075702700807587e-03
9.449513635776800660e-03
9.500949555427670723e-03
9.557488590294866207e-03
9.619247273066356893e-03
9.686354060191741666e-03
9.758949911655835294e-03
9.837188935393292519e-03
9.921239101517735290e-03
1.001128303218607254e-02
1.010751887366395652e-02
1.021016125794675482e-02
1.031944236223188843e-02
1.043561307554011913e-02
1.055894428294616022e-02
1.068972827917477782e-02
1.082828032480058142e-02
1.097494035993588045e-02
1.113007489221775823e-02
1.129407907801222022e-02
1.146737901826551907e-02
1.165043429319486193e-02
1.184374076325382663e-02
1.204783366748031319e-02
1.226329105458340805e-02
1.249073758700974986e-02
1.273084876386993206e-02
1.298435561513283133e-02
1.325204992706370023e-02
1.353479006768611159e-02
1.383350749129162553e-02
1.414921401299624668e-02
1.448300995836280733e-02
1.483609330955787398e-02
1.520976998886264253e-02
1.560546544324359873e-02
1.602473772067476016e-02
1.646929226104775282e-02
1.694099866266869994e-02
1.744190973098344588e-02
1.797428317079327945e-02
1.854060634893846607e-02
1.914362463359055994e-02
1.978637391224281547e-02
2.047221800691008051e-02
2.120489184719582740e-02
2.198855143583131402e-02
2.282783185526340852e-02
2.372791482813551775e-02
2.469460767239376950e-02
2.573443590051561689e-02
2.685475222451974911e-02
2.806386537342612369e-02
2.937119294664579730e-02
3.078744356701267060e-02
3.232483492993224600e-02
3.399735606346387939e-02
3.582108434425300414e-02
3.781457072872165814e-02
3.999931049598857979e-02
4.240032188946828845e-02
4.504686185327431286e-02
4.797331724596957253e-02
5.122032242152842196e-02
5.483617126074682990e-02
5.887861561325424820e-02
6.341717562706704336e-02
6.853613502681378533e-02
7.433846276343238080e-02
8.095100188543025155e-02
8.853141291473383412e-02
9.727757733498680615e-02
1.074404959183249547e-01
1.193422165018165199e-01
1.334010841007690629e-01
1.501677283551600961e-01
1.703767057953390618e-01
1.950199085902177831e-01
2.254438012563817761e-01
2.634294798502314627e-01
3.108119340904745842e-01
3.570948398830946502e-01
5.850883285978107917e-01
6.240765568216168901e-01
7.694130913441598052e-01
1.042886129971835052e+00
1.533232130213020517e+00
2.664960472922631940e+00
4.743336722211431322e+00
1.050325911692360670e+01
7.768719437542914363e+01
